"TrackName:AU1 Laps:0"
-27.638 -616.206 0.0109863 0
-16.6338 -597.276 0 0
0 0 0 0
-28.0477 -607.757 0 0
-26.9708 -587.378 29.4543 0
-27.6382 -616.206 0.0109863 0
-16.6338 -597.276 0 0
0 0 0 0
-28.0475 -607.757 0.0109863 0
-27.6077 -589.148 24.906 0
-27.6382 -616.205 0 0
-16.6338 -597.276 0 0
0 0 0 0
-28.0475 -607.757 0.0109863 0
-28.1393 -590.095 13.8538 0
-27.6381 -616.205 0.0109863 0
-16.6338 -597.276 0 0
0 0 0 0
-28.0477 -607.758 0.0109863 0
-28.1727 -591.17 13.8757 0
-27.6382 -616.205 0.0109863 0
-16.6338 -597.276 0 0
0 0 0 0
-28.0544 -607.694 0.065918 0
-28.0114 -592.026 9.7998 0
-27.6383 -616.204 0.0109863 0
-16.6338 -597.276 0 0
0 0 0 0
-28.0544 -607.691 0.0219727 0
-27.9714 -592.469 3.06519 0
-27.6382 -616.204 0.0109863 0
-16.6338 -597.276 0 0
0 0 0 0
-28.0537 -607.691 0 0
-27.9328 -592.391 0.351562 0
-27.6382 -616.203 0.0109863 0
-16.6338 -597.276 0 0
0 0 0 0
-28.0534 -607.691 0 0
-27.9292 -592.384 0.241699 0
-27.6383 -616.203 0 0
-16.6338 -597.276 0 0
0 0 0 0
-28.0539 -607.691 0.0109863 0
-27.9301 -592.372 0.175781 0
-27.6359 -616.293 3.60352 0
-16.6338 -597.276 0 0
0 0 0 0
-28.0538 -607.691 0 0
-27.9319 -592.362 0.12085 0
-27.5515 -616.703 8.42651 0
-16.6338 -597.276 0 0
0 0 0 0
-28.0538 -607.691 0.0109863 0
-27.9319 -592.354 0.0878906 0
-27.3305 -617.413 12.4805 0
-16.6338 -597.276 0 0
0 0 0 0
-28.0537 -607.691 0 0
-27.9319 -592.35 0.0549316 0
-26.866 -618.212 14.3152 0
-16.6338 -597.276 0 0
0 0 0 0
-28.0538 -607.692 0.0109863 0
-27.932 -592.347 0.0109863 0
-26.2318 -619.014 14.9744 0
-16.6338 -597.276 0 0
0 0 0 0
-28.0537 -607.692 0.0109863 0
-27.9322 -592.347 0.0109863 0
-25.3766 -619.826 17.5671 0
-16.6338 -597.276 0 0
0 0 0 0
-28.0538 -607.693 0.0109863 0
-27.9322 -592.347 0 0
-24.3306 -620.545 18.9954 0
-16.6338 -597.276 0 0
0 0 0 0
-28.0536 -607.693 0.0109863 0
-27.9321 -592.347 0 0
-23.1646 -621.373 21.2476 0
-16.6338 -597.276 0 0
0 0 0 0
-28.0536 -607.693 0.0109863 0
-27.9321 -592.347 0 0
-22.1448 -622.424 20.6104 0
-16.6338 -597.276 0 0
0 0 0 0
-28.0173 -608.051 6.41602 0
-27.9321 -592.347 0 0
-21.4398 -623.612 19.3689 0
-16.6338 -597.276 0 0
0 0 0 0
-27.9645 -608.672 10.8105 0
-27.9321 -592.347 0 0
-21.1424 -624.895 18.5339 0
-16.6338 -597.276 0 0
0 0 0 0
-27.8956 -609.534 13.3484 0
-27.9321 -592.347 0 0
-21.1369 -626.233 19.303 0
-16.6338 -597.276 0 0
0 0 0 0
-27.8303 -610.454 13.2715 0
-27.9321 -592.347 0 0
-21.077 -627.551 18.8416 0
-16.6338 -597.276 0 0
0 0 0 0
-27.728 -611.515 14.5129 0
-27.9321 -592.347 0 0
-21.1043 -628.748 16.3696 0
-16.6338 -597.276 0 0
0 0 0 0
-27.6426 -612.517 14.458 0
-27.9321 -592.347 0 0
-21.1737 -629.817 14.469 0
-16.6338 -597.276 0 0
0 0 0 0
-27.5458 -613.696 15.7874 0
-27.9321 -592.347 0 0
-21.2549 -630.742 12.4146 0
-16.6338 -597.276 0 0
0 0 0 0
-27.4577 -614.787 15.7214 0
-27.9321 -592.347 0 0
-21.3024 -631.658 12.9309 0
-16.6338 -597.276 0 0
0 0 0 0
-27.3389 -616.08 17.3145 0
-27.9321 -592.347 0 0
-21.362 -632.552 12.887 0
-16.6338 -597.276 0 0
0 0 0 0
-27.2074 -617.252 16.864 0
-27.932 -592.347 0 0
-21.4247 -633.467 12.9749 0
-16.6338 -597.276 0 0
0 0 0 0
-27.0746 -618.409 16.6772 0
-27.9322 -592.347 0 0
-21.4901 -634.364 12.9309 0
-16.6338 -597.276 0 0
0 0 0 0
-26.9422 -619.49 15.6995 0
-27.9321 -592.347 0 0
-21.5641 -635.341 15.293 0
-16.6338 -597.276 0 0
0 0 0 0
-26.7978 -620.552 15.1611 0
-27.932 -592.347 0 0
-21.653 -636.454 16.6223 0
-16.6338 -597.276 0 0
0 0 0 0
-26.6595 -621.488 13.645 0
-27.9231 -592.539 5.24048 0
-21.7489 -637.605 16.7212 0
-16.6338 -597.276 0 0
0 0 0 0
-26.5189 -622.393 12.7332 0
-27.8936 -593.087 10.5908 0
-21.8499 -638.76 16.6663 0
-16.6338 -597.276 0 0
0 0 0 0
-26.3885 -623.191 11.8213 0
-27.8439 -594.007 15.9521 0
-21.9737 -640.116 20.4016 0
-16.6338 -597.276 0 0
0 0 0 0
-26.2632 -623.995 11.7554 0
-27.7741 -595.299 21.3464 0
-22.1152 -641.594 22.3572 0
-16.6338 -597.276 0 0
0 0 0 0
-26.1421 -624.801 11.6895 0
-27.6842 -596.966 26.7297 0
-22.2777 -643.207 24.3237 0
-16.6338 -597.276 0 0
0 0 0 0
-25.9973 -625.83 13.9417 0
-27.575 -599.051 32.2449 0
-22.4628 -644.956 26.3232 0
-16.6338 -597.276 0 0
0 0 0 0
-25.8227 -627.07 18.1934 0
-27.4484 -601.464 35.9802 0
-22.667 -646.835 28.0042 0
-16.6338 -597.276 0 0
0 0 0 0
-25.6405 -628.4 20.4785 0
-27.3223 -603.952 35.5957 0
-22.8672 -648.662 26.5979 0
-16.6338 -597.276 0 0
0 0 0 0
-25.4489 -629.904 22.9724 0
-27.2707 -606.343 34.5081 0
-23.0748 -650.512 26.7627 0
-16.6338 -597.276 0 0
0 0 0 0
-25.2417 -631.57 25.4333 0
-27.2508 -608.717 33.8928 0
-23.2861 -652.352 26.5869 0
-16.6338 -597.276 0 0
0 0 0 0
-25.0246 -633.409 27.9053 0
-27.2351 -611.05 33.2996 0
-23.4922 -654.129 25.708 0
-16.6338 -597.276 0 0
0 0 0 0
-24.8002 -635.421 30.3992 0
-27.2055 -613.773 40.8691 0
-23.7009 -655.884 25.2026 0
-16.6338 -597.276 0 0
0 0 0 0
-24.5699 -637.623 33.3435 0
-27.1127 -616.857 46.615 0
-23.9312 -657.789 28.5645 0
-16.6338 -597.276 0 0
0 0 0 0
-24.3379 -640.029 36.2988 0
-26.9763 -620.269 51.6907 0
-24.183 -659.825 29.2017 0
-16.6338 -597.276 0 0
0 0 0 0
-24.1454 -642.39 34.563 0
-26.802 -624.027 56.6016 0
-24.4247 -661.9 31.8713 0
-16.6338 -597.276 0 0
0 0 0 0
-23.9313 -645.211 41.2756 0
-26.6122 -628.097 60.238 0
-24.6967 -664.255 36.3977 0
-16.6338 -597.276 0 0
0 0 0 0
-23.7534 -648.134 43.1323 0
-26.4085 -632.342 62.1606 0
-24.9823 -666.987 41.3855 0
-16.6338 -597.276 0 0
0 0 0 0
-23.6151 -651.157 44.2529 0
-26.2208 -636.261 57.4475 0
-25.2754 -670.004 45.9119 0
-16.6338 -597.276 0 0
0 0 0 0
-23.5325 -654.268 45.3845 0
-26.0301 -640.193 55.9534 0
-25.547 -673.033 44.3518 0
-16.6338 -597.276 0 0
0 0 0 0
-23.5106 -657.458 46.5051 0
-25.844 -644.025 54.5361 0
-25.7934 -676.274 48.5596 0
-16.6338 -597.276 0 0
0 0 0 0
-23.5683 -660.732 47.9224 0
-25.6619 -647.761 53.1848 0
-25.9477 -679.715 50.7568 0
-16.6338 -597.276 0 0
0 0 0 0
-23.6928 -664.107 49.3616 0
-25.4837 -651.404 51.8884 0
-26.0167 -683.283 51.2402 0
-16.6338 -597.276 0 0
0 0 0 0
-23.877 -667.63 51.6028 0
-25.3156 -654.891 50.5371 0
-25.9916 -686.924 54.3054 0
-16.6338 -597.276 0 0
0 0 0 0
-24.1282 -671.251 53.075 0
-25.2149 -658.351 49.3176 0
-25.8813 -690.83 58.2715 0
-16.6338 -597.276 0 0
0 0 0 0
-24.4464 -674.973 54.5142 0
-25.1435 -661.891 52.2729 0
-25.6752 -695.01 62.3035 0
-16.6338 -597.276 0 0
0 0 0 0
-24.7298 -678.812 56.3928 0
-25.0907 -665.648 55.9424 0
-25.3944 -699.475 66.4453 0
-16.6338 -597.276 0 0
0 0 0 0
-24.9601 -682.817 58.9966 0
-25.0353 -669.495 54.9756 0
-24.9914 -704.198 70.1807 0
-16.6338 -597.276 0 0
0 0 0 0
-25.0885 -686.997 61.4246 0
-24.9881 -673.174 52.7783 0
-24.4962 -709.005 71.7407 0
-16.6338 -597.276 0 0
0 0 0 0
-25.0941 -691.391 64.7644 0
-24.9389 -676.917 55.0525 0
-23.9153 -714.075 75.2563 0
-16.6338 -597.276 0 0
0 0 0 0
-24.991 -696.025 68.4998 0
-24.8894 -680.86 58.5352 0
-23.1378 -719.359 78.8379 0
-16.6338 -597.276 0 0
0 0 0 0
-24.7923 -700.908 72.2571 0
-24.7227 -685.094 62.2705 0
-22.3428 -724.8 79.2334 0
-16.6338 -597.276 0 0
0 0 0 0
-24.5168 -706.047 75.9705 0
-24.5549 -689.389 63.1824 0
-21.8482 -730.41 82.804 0
-16.6338 -597.276 0 0
0 0 0 0
-24.1744 -711.442 79.7058 0
-24.3267 -694.044 69.2688 0
-21.8378 -736.214 84.2432 0
-16.6338 -597.276 0 0
0 0 0 0
-23.7542 -717.08 83.4192 0
-24.0815 -698.987 73.3008 0
-22.2908 -742.134 85.7263 0
-16.6338 -597.276 0 0
0 0 0 0
-23.3439 -722.858 83.6829 0
-23.8002 -704.206 77.3877 0
-23.1992 -748.044 86.5393 0
-16.6338 -597.276 0 0
0 0 0 0
-23.1864 -728.655 83.2324 0
-23.4769 -709.709 81.3757 0
-24.5778 -753.912 87.3633 0
-16.6338 -597.276 0 0
0 0 0 0
-23.4462 -734.917 89.9561 0
-23.1566 -715.478 85.2319 0
-26.3081 -759.773 88.6926 0
-16.6338 -597.276 0 0
0 0 0 0
-24.1204 -741.233 92.7136 0
-22.8045 -721.385 86.803 0
-27.8193 -765.811 91.1096 0
-16.6338 -597.276 0 0
0 0 0 0
-25.2901 -747.642 95.1196 0
-22.5997 -727.54 90 0
-29.1497 -771.944 91.1646 0
-16.6338 -597.276 0 0
0 0 0 0
-26.9359 -754.134 97.9102 0
-22.8006 -733.857 91.9226 0
-30.1485 -778.211 91.8567 0
-16.6338 -597.276 0 0
0 0 0 0
-28.7033 -760.788 100.459 0
-23.3588 -740.429 95.7898 0
-30.7158 -784.565 92.0764 0
-16.6338 -597.276 0 0
0 0 0 0
-30.1159 -767.667 101.602 0
-24.4807 -747.069 98.1738 0
-30.724 -790.943 92.0105 0
-16.6338 -597.276 0 0
0 0 0 0
-31.0171 -774.609 100.283 0
-26.0873 -753.789 100.975 0
-30.194 -797.308 92.1973 0
-16.6338 -597.276 0 0
0 0 0 0
-31.3797 -781.556 100.118 0
-27.4 -760.659 101.678 0
-29.1031 -803.596 92.1533 0
-16.6338 -597.276 0 0
0 0 0 0
-31.1984 -788.491 100.129 0
-28.3748 -767.718 103.282 0
-27.4867 -809.781 92.1973 0
-16.6338 -597.276 0 0
0 0 0 0
-30.4532 -795.398 100.14 0
-28.8576 -774.869 103.37 0
-25.3152 -815.791 92.2302 0
-16.6338 -597.276 0 0
0 0 0 0
-29.1611 -802.193 99.8877 0
-28.8067 -781.982 102.415 0
-22.6157 -821.57 91.9775 0
-16.6338 -597.276 0 0
0 0 0 0
-27.3161 -808.875 99.9207 0
-28.5343 -789.111 102.327 0
-19.4245 -827.083 91.8457 0
-16.6338 -597.276 0 0
0 0 0 0
-24.9044 -815.391 100.096 0
-27.6486 -796.108 101.272 0
-15.7821 -832.31 91.8567 0
-16.6338 -597.276 0 0
0 0 0 0
-21.9504 -821.627 99.2285 0
-26.2264 -802.971 100.8 0
-11.7221 -837.213 91.7468 0
-16.6338 -597.276 0 0
0 0 0 0
-18.4869 -827.541 98.3276 0
-24.2596 -809.666 100.338 0
-7.24165 -841.711 91.6589 0
-16.6338 -597.276 0 0
0 0 0 0
-14.5673 -833.086 97.4377 0
-21.6972 -816.139 100.107 0
-2.40683 -845.876 92.0874 0
-16.6338 -597.276 0 0
0 0 0 0
-10.2444 -838.359 98.0859 0
-18.7047 -822.434 99.8877 0
2.70894 -849.793 93.3179 0
-16.6338 -597.276 0 0
0 0 0 0
-5.4987 -843.252 98.3496 0
-15.2517 -828.455 100.129 0
8.03647 -853.666 96.0754 0
-16.6338 -597.276 0 0
0 0 0 0
-0.375748 -847.817 99.3933 0
-11.5169 -834.351 100.854 0
13.3374 -857.557 94.4934 0
-16.6338 -597.276 0 0
0 0 0 0
5.03488 -852.219 100.756 0
-7.08018 -839.678 100.239 0
18.3126 -861.801 94.054 0
-16.6338 -597.276 0 0
0 0 0 0
10.3059 -856.692 99.4263 0
-2.33325 -844.735 100.195 0
22.8967 -866.423 93.0432 0
-16.6338 -597.276 0 0
0 0 0 0
15.293 -861.477 99.8657 0
2.6711 -849.639 101.14 0
27.0223 -871.293 90.8899 0
-16.6338 -597.276 0 0
0 0 0 0
19.9167 -866.633 99.7668 0
7.65877 -854.687 102.733 0
30.5974 -876.407 89.4727 0
-16.6338 -597.276 0 0
0 0 0 0
24.3414 -872.078 101.074 0
12.7971 -859.935 105.875 0
33.7029 -881.806 89.8792 0
-16.6338 -597.276 0 0
0 0 0 0
28.2066 -877.936 101.316 0
17.5871 -865.557 106.908 0
36.308 -887.46 89.7363 0
-16.6338 -597.276 0 0
0 0 0 0
31.5683 -884.075 100.042 0
21.9509 -871.538 106.633 0
38.353 -893.332 89.5496 0
-16.6338 -597.276 0 0
0 0 0 0
34.3231 -890.339 97.196 0
25.8018 -877.832 105.963 0
39.8517 -899.355 89.5386 0
-16.6338 -597.276 0 0
0 0 0 0
36.5493 -896.432 91.1646 0
29.142 -884.337 104.974 0
40.8441 -905.506 89.8352 0
-16.6338 -597.276 0 0
0 0 0 0
38.1912 -902.532 91.0547 0
31.9828 -890.996 103.184 0
41.3176 -911.717 89.9231 0
-16.6338 -597.276 0 0
0 0 0 0
39.3645 -908.741 90.802 0
34.2041 -897.682 99.9866 0
41.2596 -917.962 90.1428 0
-16.6338 -597.276 0 0
0 0 0 0
39.9682 -914.901 87.8357 0
35.9288 -904.437 98.1848 0
40.5783 -924.146 90 0
-16.6338 -597.276 0 0
0 0 0 0
39.9923 -920.886 84.8035 0
37.0479 -911.116 96.7126 0
39.7668 -930.811 94.4165 0
-16.6338 -597.276 0 0
0 0 0 0
39.4674 -926.655 82.7161 0
37.6804 -917.723 94.9878 0
38.4706 -937.216 93.7134 0
-16.6338 -597.276 0 0
0 0 0 0
38.6281 -932.388 84.364 0
37.9465 -924.283 93.9661 0
37.0266 -943.506 91.571 0
-16.6338 -597.276 0 0
0 0 0 0
37.4874 -938.257 87.5171 0
37.3901 -930.629 92.2412 0
35.392 -949.536 89.5056 0
-16.6338 -597.276 0 0
0 0 0 0
36.2166 -944.301 90.3735 0
36.4179 -936.864 91.3074 0
34.147 -955.546 87.4731 0
-16.6338 -597.276 0 0
0 0 0 0
34.7937 -950.371 89.6045 0
35.4751 -943.03 89.198 0
33.256 -961.56 87.1436 0
-16.6338 -597.276 0 0
0 0 0 0
33.5213 -956.431 88.7146 0
34.8123 -949.113 87.1436 0
32.8185 -967.553 86.2537 0
-16.6338 -597.276 0 0
0 0 0 0
32.6708 -962.464 87.0117 0
34.624 -955.089 85.0342 0
32.9223 -973.431 84.0674 0
-16.6338 -597.276 0 0
0 0 0 0
32.3946 -968.43 85.0012 0
34.5901 -960.896 81.8481 0
33.4982 -979.29 84.8254 0
-16.6338 -597.276 0 0
0 0 0 0
32.6044 -974.098 79.0137 0
35.2207 -966.495 80.8704 0
34.5299 -985.08 84.1003 0
-16.6338 -597.276 0 0
0 0 0 0
33.3658 -979.479 76.9922 0
36.4249 -971.986 81.3098 0
35.5939 -990.777 82.6282 0
-16.6338 -597.276 0 0
0 0 0 0
34.4333 -984.606 74.4543 0
38.0068 -977.24 78.1677 0
36.1792 -995.534 70.1038 0
-16.6338 -597.276 0 0
0 0 0 0
35.5644 -989.575 72.1582 0
39.7712 -982.198 74.4653 0
36.3806 -1000.6 71.0596 0
-16.6338 -597.276 0 0
0 0 0 0
36.7569 -994.542 74.0588 0
41.1573 -987.06 71.8176 0
36.0824 -1005.47 69.1589 0
-16.6338 -597.276 0 0
0 0 0 0
37.7038 -999.628 73.6194 0
41.9968 -991.891 69.4116 0
35.2597 -1010.07 65.907 0
-16.6338 -597.276 0 0
0 0 0 0
38.0677 -1004.61 71.0266 0
42.2561 -996.688 68.9502 0
33.9615 -1014.33 62.4463 0
-16.6338 -597.276 0 0
0 0 0 0
37.8524 -1009.46 68.8184 0
42.1105 -1001.39 67.5549 0
32.2384 -1018.32 62.2375 0
-16.6338 -597.276 0 0
0 0 0 0
37.1788 -1013.95 62.8198 0
41.4831 -1006.03 67.5879 0
29.9833 -1021.97 61.908 0
-16.6338 -597.276 0 0
0 0 0 0
36.1189 -1018.01 58.9636 0
40.2844 -1010.6 68.8513 0
27.2518 -1025.27 62.0068 0
-16.6338 -597.276 0 0
0 0 0 0
34.5975 -1021.67 56.4148 0
38.5174 -1015.1 70.4333 0
24.0843 -1028.17 62.0398 0
-16.6338 -597.276 0 0
0 0 0 0
32.6065 -1024.95 54.5471 0
36.2037 -1019.45 71.543 0
21.1827 -1030.58 53.3496 0
-16.6338 -597.276 0 0
0 0 0 0
30.2486 -1027.95 54.635 0
33.3784 -1023.49 70.686 0
18.1271 -1032.55 52.0203 0
-16.6338 -597.276 0 0
0 0 0 0
27.466 -1030.56 55.3711 0
30.2478 -1027.01 66.5442 0
14.8691 -1034.03 51.4819 0
-16.6338 -597.276 0 0
0 0 0 0
24.2814 -1032.72 56.0742 0
26.9121 -1029.99 62.3804 0
11.448 -1034.99 51.2732 0
-16.6338 -597.276 0 0
0 0 0 0
20.7466 -1034.43 57.3596 0
23.493 -1032.31 57.9089 0
7.90608 -1035.39 51.7126 0
-16.6338 -597.276 0 0
0 0 0 0
16.9327 -1035.57 58.0188 0
20.0035 -1034.07 55.0085 0
4.33876 -1035.19 51.9214 0
-16.6338 -597.276 0 0
0 0 0 0
13.0644 -1036.12 55.9644 0
16.4691 -1035.26 52.8552 0
0.783936 -1034.45 52.9651 0
-16.6338 -597.276 0 0
0 0 0 0
9.1757 -1036.15 56.25 0
12.8385 -1035.91 52.8223 0
-2.71696 -1033.21 54.2944 0
-16.6338 -597.276 0 0
0 0 0 0
5.26605 -1035.75 57.1838 0
9.25676 -1035.9 51.3721 0
-6.01144 -1031.38 55.2063 0
-16.6338 -597.276 0 0
0 0 0 0
1.26524 -1034.77 60.3149 0
5.70761 -1035.39 51.8884 0
-9.21124 -1029.14 57.0959 0
-16.6338 -597.276 0 0
0 0 0 0
-2.65726 -1033.19 62.1826 0
2.22823 -1034.43 52.4048 0
-12.1728 -1026.41 58.9636 0
-16.6338 -597.276 0 0
0 0 0 0
-6.465 -1031.05 63.3801 0
-1.03882 -1032.97 51.5588 0
-14.8181 -1023.21 60.7654 0
-16.6338 -597.276 0 0
0 0 0 0
-9.96184 -1028.43 62.8528 0
-4.11624 -1031.04 53.053 0
-17.0335 -1019.61 61.6663 0
-16.6338 -597.276 0 0
0 0 0 0
-12.9904 -1025.38 61.5454 0
-6.9653 -1028.66 54.3713 0
-18.8463 -1015.67 63.0286 0
-16.6338 -597.276 0 0
0 0 0 0
-15.563 -1021.94 61.9629 0
-9.79366 -1026.05 56.5137 0
-20.1575 -1011.46 63.8635 0
-16.6338 -597.276 0 0
0 0 0 0
-17.5874 -1018.24 60.26 0
-12.0509 -1022.76 58.3704 0
-20.9927 -1007.1 64.248 0
-16.6338 -597.276 0 0
0 0 0 0
-19.0302 -1014.38 59.1833 0
-14.1011 -1019.17 60.7983 0
-21.3026 -1002.64 64.5996 0
-16.6338 -597.276 0 0
0 0 0 0
-19.9542 -1010.39 59.3481 0
-15.7094 -1015.18 62.4683 0
-21.0414 -998.155 64.8743 0
-16.6338 -597.276 0 0
0 0 0 0
-20.346 -1006.27 60.0073 0
-16.8256 -1010.94 63.6877 0
-20.2886 -993.707 65.3247 0
-16.6338 -597.276 0 0
0 0 0 0
-20.1905 -1002.08 60.8313 0
-17.5153 -1006.61 62.2375 0
-19.1561 -989.268 66.4893 0
-16.6338 -597.276 0 0
0 0 0 0
-19.5863 -997.856 62.1387 0
-17.5804 -1002.37 60.0403 0
-17.4559 -984.89 68.5876 0
-16.6338 -597.276 0 0
0 0 0 0
-18.6534 -993.545 64.4678 0
-17.2731 -998.057 61.4136 0
-15.3165 -980.492 72.0374 0
-16.6338 -597.276 0 0
0 0 0 0
-17.1146 -989.193 68.0933 0
-16.3545 -993.793 63.0835 0
-12.9512 -975.908 76.1792 0
-16.6338 -597.276 0 0
0 0 0 0
-15.2804 -984.622 73.2898 0
-14.9555 -989.593 64.4128 0
-9.75374 -971.449 80.1343 0
-16.6338 -597.276 0 0
0 0 0 0
-13.4055 -979.742 77.2229 0
-13.0204 -985.504 66.0608 0
-6.38498 -966.854 83.6389 0
-16.6338 -597.276 0 0
0 0 0 0
-10.9875 -974.783 80.7935 0
-11.1081 -981.184 69.1589 0
-2.73802 -962.297 84.0234 0
-16.6338 -597.276 0 0
0 0 0 0
-8.25584 -969.749 83.8257 0
-9.04413 -976.839 69.8511 0
0.734177 -957.643 83.2434 0
-16.6338 -597.276 0 0
0 0 0 0
-5.03674 -964.783 86.4954 0
-7.18658 -972.225 72.2571 0
4.01131 -952.356 88.5498 0
-16.6338 -597.276 0 0
0 0 0 0
-1.34108 -959.94 89.0881 0
-5.27245 -967.495 74.9817 0
6.95662 -946.843 89.9011 0
-16.6338 -597.276 0 0
0 0 0 0
2.50438 -954.924 91.8567 0
-3.12305 -962.723 75.52 0
9.40732 -941.516 82.76 0
-16.6338 -597.276 0 0
0 0 0 0
6.0636 -949.624 91.8347 0
-0.745499 -958.214 72.9602 0
11.6149 -936.379 78.6511 0
-16.6338 -597.276 0 0
0 0 0 0
9.10886 -944.059 90.1318 0
2.08902 -954.039 72.2021 0
13.4528 -931.332 76.333 0
-16.6338 -597.276 0 0
0 0 0 0
11.5375 -938.434 86.5173 0
5.06285 -949.996 72.356 0
14.6156 -926.153 74.3774 0
-16.6338 -597.276 0 0
0 0 0 0
13.3408 -932.809 82.9797 0
7.54791 -945.41 75.1025 0
15.4117 -921.319 68.1921 0
-16.6338 -597.276 0 0
0 0 0 0
14.6185 -927.43 76.7065 0
9.75929 -940.568 76.8164 0
15.7571 -916.737 65.4016 0
-16.6338 -597.276 0 0
0 0 0 0
15.4114 -922.357 71.6199 0
11.6006 -935.517 77.4097 0
15.5433 -912.257 64.3799 0
-16.6338 -597.276 0 0
0 0 0 0
15.7588 -917.555 67.4121 0
12.8601 -930.321 76.8604 0
14.8174 -907.871 62.7319 0
-16.6338 -597.276 0 0
0 0 0 0
15.572 -913.001 64.4458 0
13.5477 -925.125 73.6743 0
13.5684 -903.768 61.2598 0
-16.6338 -597.276 0 0
0 0 0 0
14.8187 -908.646 62.666 0
13.7498 -920.113 70.8728 0
11.8078 -899.929 60.1062 0
-16.6338 -597.276 0 0
0 0 0 0
13.5289 -904.586 60.6116 0
13.4261 -915.416 65.7092 0
9.64102 -896.49 57.0959 0
-16.6338 -597.276 0 0
0 0 0 0
11.7165 -900.85 59.3811 0
12.6347 -911.075 61.6663 0
7.01451 -893.484 57.019 0
-16.6338 -597.276 0 0
0 0 0 0
9.41634 -897.465 58.6121 0
11.746 -907.141 54.8328 0
4.0233 -890.944 56.4697 0
-16.6338 -597.276 0 0
0 0 0 0
6.67819 -894.525 57.4255 0
10.5735 -903.704 49.3945 0
0.779266 -888.941 53.8989 0
-16.6338 -597.276 0 0
0 0 0 0
3.6208 -892.084 55.9534 0
9.18851 -900.693 46.2634 0
-2.57341 -887.531 51.2732 0
-16.6338 -597.276 0 0
0 0 0 0
0.289551 -890.161 55.3601 0
7.45412 -898.143 43.5718 0
-6.0096 -886.719 50.647 0
-16.6338 -597.276 0 0
0 0 0 0
-3.2747 -888.812 54.9646 0
5.32846 -895.93 44.2639 0
-9.51337 -886.505 50.8118 0
-16.6338 -597.276 0 0
0 0 0 0
-6.94756 -888.037 53.5474 0
2.8726 -893.959 45.9119 0
-13.016 -886.84 50.8008 0
-16.6338 -597.276 0 0
0 0 0 0
-10.5668 -887.86 51.5808 0
0.222336 -892.354 44.8242 0
-16.4223 -887.709 50.8667 0
-16.6338 -597.276 0 0
0 0 0 0
-14.078 -888.28 50.8667 0
-2.70036 -891.143 46.6479 0
-19.6078 -889.186 51.2292 0
-16.6338 -597.276 0 0
0 0 0 0
-17.3575 -889.227 48.4387 0
-5.81023 -890.417 46.1316 0
-22.5597 -891.046 50.8337 0
-16.6338 -597.276 0 0
0 0 0 0
-20.3101 -890.665 47.2961 0
-8.96878 -889.808 47.3291 0
-25.2046 -893.361 50.9216 0
-16.6338 -597.276 0 0
0 0 0 0
-22.9581 -892.611 47.7686 0
-12.2765 -889.81 48.5266 0
-27.5154 -895.985 50.4053 0
-16.6338 -597.276 0 0
0 0 0 0
-25.2561 -895.036 48.8782 0
-15.6353 -890.373 49.9658 0
-29.7395 -898.749 50.4492 0
-16.6338 -597.276 0 0
0 0 0 0
-26.9104 -897.881 48.7134 0
-18.9495 -891.359 49.5703 0
-31.2163 -901.867 50.2844 0
-16.6338 -597.276 0 0
0 0 0 0
-28.0974 -900.942 47.6587 0
-22.076 -892.815 49.1199 0
-32.3316 -905.255 52.4048 0
-16.6338 -597.276 0 0
0 0 0 0
-28.8612 -904.112 46.4722 0
-24.7956 -894.777 47.5378 0
-33.2053 -908.893 55.3491 0
-16.6338 -597.276 0 0
0 0 0 0
-29.2348 -907.316 47.0325 0
-27.0445 -897.113 46.3403 0
-33.637 -912.884 59.9524 0
-16.6338 -597.276 0 0
0 0 0 0
-29.2598 -910.671 49.6582 0
-28.8948 -899.648 45.7581 0
-34.1032 -917.145 62.4133 0
-16.6338 -597.276 0 0
0 0 0 0
-29.0063 -914.295 54.3713 0
-30.2446 -902.547 47.2083 0
-35.0012 -921.477 65.5444 0
-16.6338 -597.276 0 0
0 0 0 0
-28.9963 -918.105 55.3601 0
-31.1874 -905.791 50.1965 0
-36.4237 -925.84 66.687 0
-16.6338 -597.276 0 0
0 0 0 0
-29.4505 -921.953 57.085 0
-31.6486 -909.336 52.8442 0
-38.2989 -930.174 68.0823 0
-16.6338 -597.276 0 0
0 0 0 0
-30.38 -925.909 60.1501 0
-32.2794 -913.154 57.6013 0
-40.619 -934.183 67.0276 0
-16.6338 -597.276 0 0
0 0 0 0
-31.8653 -929.88 61.5894 0
-33.0225 -917.171 60.9851 0
-43.3226 -937.841 65.3796 0
-16.6338 -597.276 0 0
0 0 0 0
-33.8765 -933.514 59.436 0
-34.1 -921.369 63.3032 0
-46.3977 -941.164 65.3027 0
-16.6338 -597.276 0 0
0 0 0 0
-36.3352 -936.774 58.8757 0
-35.7104 -925.464 63.5559 0
-49.8759 -944.061 65.4126 0
-16.6338 -597.276 0 0
0 0 0 0
-39.2494 -939.69 60.1831 0
-37.8023 -929.398 63.7097 0
-53.6362 -946.418 64.1821 0
-16.6338 -597.276 0 0
0 0 0 0
-42.6269 -942.416 63.6328 0
-40.1613 -933.045 62.3694 0
-57.6898 -948.347 65.3906 0
-16.6338 -597.276 0 0
0 0 0 0
-46.4387 -944.797 66.0938 0
-42.9978 -936.295 62.2046 0
-62.0282 -949.815 66.8188 0
-16.6338 -597.276 0 0
0 0 0 0
-50.6493 -946.792 68.335 0
-46.1583 -939.348 62.9626 0
-66.6146 -950.799 68.4998 0
-16.6338 -597.276 0 0
0 0 0 0
-55.1828 -948.389 70.3125 0
-49.7676 -941.975 64.7424 0
-71.3962 -951.267 70.1257 0
-16.6338 -597.276 0 0
0 0 0 0
-60.0002 -949.668 72.9492 0
-53.7009 -944.193 65.6653 0
-76.3297 -951.227 72.0154 0
-16.6338 -597.276 0 0
0 0 0 0
-65.0852 -950.519 75.7837 0
-57.9633 -945.902 66.8188 0
-81.3462 -950.645 73.6084 0
-16.6338 -597.276 0 0
0 0 0 0
-70.4546 -950.906 79.1895 0
-62.4341 -947.476 69.3567 0
-86.4248 -949.604 75.6958 0
-16.6338 -597.276 0 0
0 0 0 0
-76.0471 -950.777 82.0129 0
-67.1983 -948.628 71.9275 0
-91.5384 -948.094 77.981 0
-16.6338 -597.276 0 0
0 0 0 0
-81.6969 -950.017 82.6282 0
-72.2676 -949.2 74.8279 0
-96.8105 -946.507 81.2329 0
-16.6338 -597.276 0 0
0 0 0 0
-87.2021 -948.832 83.9136 0
-77.5317 -949.261 76.7725 0
-102.355 -945.204 82.5513 0
-16.6338 -597.276 0 0
0 0 0 0
-92.9656 -947.302 87.7588 0
-82.9193 -948.924 78.5962 0
-108.12 -944.001 85.1001 0
-16.6338 -597.276 0 0
0 0 0 0
-98.9973 -945.904 90.4944 0
-88.2768 -948.053 79.1016 0
-114.012 -943.423 85.6604 0
-16.6338 -597.276 0 0
0 0 0 0
-105.262 -944.964 92.1423 0
-93.6668 -946.69 81.0242 0
-119.912 -943.401 84.353 0
-16.6338 -597.276 0 0
0 0 0 0
-111.681 -944.609 92.8564 0
-99.1991 -945.26 83.8696 0
-125.706 -943.824 83.0676 0
-16.6338 -597.276 0 0
0 0 0 0
-118.029 -944.838 90.8679 0
-104.937 -944.027 85.4846 0
-131.536 -944.895 84.5618 0
-16.6338 -597.276 0 0
0 0 0 0
-124.177 -945.65 88.0444 0
-110.716 -943.35 84.1772 0
-137.166 -946.498 84.4739 0
-16.6338 -597.276 0 0
0 0 0 0
-130.105 -947.021 86.6162 0
-116.537 -943.258 84.1223 0
-142.634 -948.572 84.375 0
-16.6338 -597.276 0 0
0 0 0 0
-135.809 -948.859 85.8362 0
-122.347 -943.704 84.0454 0
-147.923 -951.101 84.6387 0
-16.6338 -597.276 0 0
0 0 0 0
-141.227 -951.213 84.5728 0
-128.066 -944.641 83.6169 0
-152.891 -954.195 84.6277 0
-16.6338 -597.276 0 0
0 0 0 0
-146.3 -954.046 82.9028 0
-133.671 -945.986 82.76 0
-157.577 -957.735 84.5508 0
-16.6338 -597.276 0 0
0 0 0 0
-150.956 -957.382 82.3425 0
-139.062 -947.908 82.1887 0
-161.766 -961.634 81.4197 0
-16.6338 -597.276 0 0
0 0 0 0
-155.168 -961.105 80.0354 0
-144.163 -950.342 80.9143 0
-165.433 -965.809 78.8379 0
-16.6338 -597.276 0 0
0 0 0 0
-158.826 -965.143 77.6514 0
-149.024 -953.194 81.3647 0
-168.525 -970.241 77.0142 0
-16.6338 -597.276 0 0
0 0 0 0
-161.93 -969.469 75.9705 0
-153.487 -956.538 80.0793 0
-171.036 -974.857 75.1355 0
-16.6338 -597.276 0 0
0 0 0 0
-164.589 -974.164 77.4756 0
-157.565 -960.272 79.8047 0
-172.981 -979.669 74.707 0
-16.6338 -597.276 0 0
0 0 0 0
-166.663 -979.098 77.2998 0
-161.339 -964.354 80.4858 0
-174.365 -984.657 74.6301 0
-16.6338 -597.276 0 0
0 0 0 0
-168.186 -984.227 77.3438 0
-164.465 -968.853 79.519 0
-175.203 -989.82 75.52 0
-16.6338 -597.276 0 0
0 0 0 0
-169.182 -989.498 77.4756 0
-167.326 -973.561 79.2114 0
-175.574 -995.112 76.8054 0
-16.6338 -597.276 0 0
0 0 0 0
-169.655 -994.861 77.8162 0
-169.603 -978.555 79.1125 0
-175.363 -1000.48 78.1567 0
-16.6338 -597.276 0 0
0 0 0 0
-169.509 -1000.26 78.0469 0
-171.323 -983.74 78.5303 0
-174.595 -1005.93 80.5847 0
-16.6338 -597.276 0 0
0 0 0 0
-168.761 -1005.62 78.1567 0
-172.554 -989.066 79.0466 0
-173.199 -1011.35 81.925 0
-16.6338 -597.276 0 0
0 0 0 0
-167.435 -1010.89 78.6951 0
-173.124 -994.452 78.2556 0
-171.294 -1016.64 82.8149 0
-16.6338 -597.276 0 0
0 0 0 0
-165.606 -1016.06 79.3542 0
-173.334 -999.868 78.0029 0
-168.842 -1021.89 84.0015 0
-16.6338 -597.276 0 0
0 0 0 0
-163.244 -1021.05 80.0684 0
-172.998 -1005.26 77.7832 0
-165.955 -1026.94 84.2102 0
-16.6338 -597.276 0 0
0 0 0 0
-160.316 -1025.79 80.6067 0
-172.134 -1010.6 78.6072 0
-162.646 -1031.81 85.5615 0
-16.6338 -597.276 0 0
0 0 0 0
-156.875 -1030.25 81.4636 0
-170.661 -1015.82 78.2556 0
-158.803 -1036.31 84.8694 0
-16.6338 -597.276 0 0
0 0 0 0
-152.972 -1034.37 82.2327 0
-168.666 -1020.89 79.0247 0
-154.579 -1040.48 85.946 0
-16.6338 -597.276 0 0
0 0 0 0
-148.698 -1038.25 83.6609 0
-166.363 -1025.93 80.6506 0
-149.924 -1044.28 87.1106 0
-16.6338 -597.276 0 0
0 0 0 0
-143.974 -1041.7 84.8914 0
-163.243 -1030.55 80.5408 0
-144.889 -1047.68 88.0884 0
-16.6338 -597.276 0 0
0 0 0 0
-138.877 -1044.76 86.5613 0
-159.835 -1035.06 82.1667 0
-139.521 -1050.75 89.5276 0
-16.6338 -597.276 0 0
0 0 0 0
-133.392 -1047.4 88.5828 0
-155.957 -1039.26 82.7271 0
-133.821 -1053.3 90.5383 0
-16.6338 -597.276 0 0
0 0 0 0
-127.577 -1049.58 90.2856 0
-151.657 -1043.09 83.3093 0
-127.866 -1055.44 91.593 0
-16.6338 -597.276 0 0
0 0 0 0
-121.492 -1051.25 91.3403 0
-147.025 -1046.69 84.8914 0
-121.689 -1057.12 92.9553 0
-16.6338 -597.276 0 0
0 0 0 0
-115.237 -1052.35 91.7139 0
-141.948 -1049.75 85.6165 0
-115.298 -1058.25 94.1309 0
-16.6338 -597.276 0 0
0 0 0 0
-108.827 -1052.94 92.7795 0
-136.591 -1052.39 86.3635 0
-108.747 -1058.91 95.5371 0
-16.6338 -597.276 0 0
0 0 0 0
-102.375 -1052.96 93.0762 0
-130.97 -1054.5 86.7261 0
-102.054 -1059.08 97.0532 0
-16.6338 -597.276 0 0
0 0 0 0
-95.8701 -1052.61 93.999 0
-125.175 -1056.38 88.1104 0
-95.2566 -1058.74 99.0417 0
-16.6338 -597.276 0 0
0 0 0 0
-89.3027 -1052.06 96.0754 0
-119.184 -1057.56 88.1543 0
-88.354 -1057.86 101.052 0
-16.6338 -597.276 0 0
0 0 0 0
-82.5115 -1051.31 99.1956 0
-113.085 -1058.23 88.5718 0
-81.3731 -1057.1 100.305 0
-16.6338 -597.276 0 0
0 0 0 0
-75.5486 -1051 100.876 0
-106.917 -1058.33 89.2969 0
-74.3266 -1056.59 101.492 0
-16.6338 -597.276 0 0
0 0 0 0
-68.5142 -1051.22 101.624 0
-100.65 -1058.04 90.4175 0
-67.3638 -1056.55 99.1736 0
-16.6338 -597.276 0 0
0 0 0 0
-61.5283 -1052.03 101.217 0
-94.3222 -1057.32 92.3181 0
-60.803 -1056.68 93.6694 0
-16.6338 -597.276 0 0
0 0 0 0
-54.6452 -1053.34 100.657 0
-87.9109 -1056.31 94.4275 0
-54.4708 -1057.23 89.8242 0
-16.6338 -597.276 0 0
0 0 0 0
-47.88 -1055.12 100.712 0
-81.3519 -1055.53 95.2405 0
-48.2636 -1058.28 90.9888 0
-16.6338 -597.276 0 0
0 0 0 0
-41.1956 -1057.28 101.426 0
-74.557 -1055.08 97.229 0
-42.0827 -1059.86 92.9443 0
-16.6338 -597.276 0 0
0 0 0 0
-34.4937 -1059.71 103.788 0
-67.7895 -1055.16 97.3938 0
-35.9409 -1062.01 94.801 0
-16.6338 -597.276 0 0
0 0 0 0
-27.6337 -1062.37 106.479 0
-61.0728 -1055.67 96.3831 0
-29.7121 -1064.17 93.9771 0
-16.6338 -597.276 0 0
0 0 0 0
-20.5986 -1064.49 105.524 0
-54.4912 -1056.76 95.9766 0
-23.4088 -1065.93 94.9109 0
-16.6338 -597.276 0 0
0 0 0 0
-13.4999 -1066.04 103.48 0
-48.0013 -1058.25 95.647 0
-16.9604 -1067.23 94.8779 0
-16.6338 -597.276 0 0
0 0 0 0
-6.4847 -1066.97 100.404 0
-41.6014 -1060.18 96.5259 0
-10.3387 -1068.3 96.4709 0
-16.6338 -597.276 0 0
0 0 0 0
0.165329 -1067.41 93.999 0
-35.2074 -1062.28 97.6025 0
-3.65045 -1068.69 96.4929 0
-16.6338 -597.276 0 0
0 0 0 0
6.6866 -1067.21 92.5049 0
-28.6613 -1064.16 98.053 0
3.06825 -1068.5 96.8445 0
-16.6338 -597.276 0 0
0 0 0 0
12.988 -1066.45 90.1208 0
-22.0934 -1065.93 96.7346 0
9.74179 -1067.78 96.7346 0
-16.6338 -597.276 0 0
0 0 0 0
19.0081 -1065.14 87.55 0
-15.6131 -1067.29 94.5483 0
16.2811 -1066.49 95.6909 0
-16.6338 -597.276 0 0
0 0 0 0
24.6607 -1063.3 84.2432 0
-9.08711 -1068.03 94.3176 0
22.5244 -1064.69 92.2632 0
-16.6338 -597.276 0 0
0 0 0 0
29.9668 -1060.97 82.0239 0
-2.58479 -1068.18 93.0432 0
28.4337 -1062.5 89.0222 0
-16.6338 -597.276 0 0
0 0 0 0
34.8698 -1058.17 80.365 0
3.66373 -1067.76 88.8574 0
33.9546 -1059.98 85.8691 0
-16.6338 -597.276 0 0
0 0 0 0
39.3331 -1054.93 78.728 0
9.71407 -1066.77 87.4292 0
38.92 -1057.04 81.2 0
-16.6338 -597.276 0 0
0 0 0 0
43.4032 -1051.3 77.5085 0
15.5545 -1065.21 86.7151 0
43.3623 -1053.89 75.8167 0
-16.6338 -597.276 0 0
0 0 0 0
47.0803 -1047.36 77.2339 0
21.1659 -1063.11 86.1658 0
47.2418 -1050.67 69.9719 0
-16.6338 -597.276 0 0
0 0 0 0
50.2495 -1043.07 76.5637 0
26.6807 -1060.59 87.3083 0
50.5457 -1047.32 65.7861 0
-16.6338 -597.276 0 0
0 0 0 0
52.9137 -1038.47 76.3989 0
31.9069 -1057.54 87.0007 0
53.2627 -1043.84 61.6772 0
-16.6338 -597.276 0 0
0 0 0 0
55.0399 -1033.62 76.4319 0
36.8122 -1054.02 86.6711 0
55.4964 -1040.08 62.5122 0
-16.6338 -597.276 0 0
0 0 0 0
56.6888 -1028.54 77.0251 0
41.315 -1050.15 84.408 0
57.2433 -1036.11 62.5562 0
-16.6338 -597.276 0 0
0 0 0 0
57.7823 -1023.3 77.4207 0
45.2534 -1046.03 81.5845 0
58.5268 -1031.94 63.1165 0
-16.6338 -597.276 0 0
0 0 0 0
58.303 -1017.93 77.8711 0
48.6916 -1041.63 79.8706 0
59.3344 -1027.59 64.4568 0
-16.6338 -597.276 0 0
0 0 0 0
58.2675 -1012.51 78.5742 0
51.6427 -1036.92 79.8157 0
59.6951 -1023.05 66.5771 0
-16.6338 -597.276 0 0
0 0 0 0
57.7679 -1007.03 79.7058 0
54.0648 -1031.99 78.8818 0
59.5082 -1018.36 68.8843 0
-16.6338 -597.276 0 0
0 0 0 0
56.8256 -1001.5 81.5295 0
56.1347 -1026.82 79.53 0
58.8398 -1013.52 71.6089 0
-16.6338 -597.276 0 0
0 0 0 0
55.4035 -995.932 84.1443 0
57.6677 -1021.52 79.6729 0
57.7882 -1008.55 74.9927 0
-16.6338 -597.276 0 0
0 0 0 0
53.7059 -990.2 87.7808 0
58.6367 -1016.09 79.2664 0
56.3239 -1003.41 79.0247 0
-16.6338 -597.276 0 0
0 0 0 0
51.9255 -984.221 91.1316 0
59.018 -1010.61 79.2224 0
54.6652 -998.026 82.9028 0
-16.6338 -597.276 0 0
0 0 0 0
50.4172 -977.953 94.3506 0
58.8275 -1005.18 78.3984 0
53.1036 -992.357 86.4404 0
-16.6338 -597.276 0 0
0 0 0 0
49.2416 -971.4 97.262 0
58.3965 -999.694 79.1565 0
51.5888 -986.391 90.2307 0
-16.6338 -597.276 0 0
0 0 0 0
48.3822 -964.6 100.14 0
57.3688 -994.245 80.1123 0
50.3109 -980.144 93.5046 0
-16.6338 -597.276 0 0
0 0 0 0
48.0532 -957.606 101.854 0
55.7929 -988.874 81.3428 0
49.3508 -973.802 93.8892 0
-16.6338 -597.276 0 0
0 0 0 0
48.2552 -950.504 102.316 0
53.9669 -983.442 83.4851 0
48.8365 -967.226 95.8228 0
-16.6338 -597.276 0 0
0 0 0 0
49.0136 -943.389 103.59 0
52.2198 -977.814 86.1768 0
48.7896 -960.521 97.251 0
-16.6338 -597.276 0 0
0 0 0 0
50.26 -936.275 104.579 0
50.8701 -971.94 87.2205 0
49.2027 -953.711 98.5803 0
-16.6338 -597.276 0 0
0 0 0 0
51.9559 -929.171 105.732 0
49.8647 -965.957 87.7258 0
50.1144 -946.875 99.3933 0
-16.6338 -597.276 0 0
0 0 0 0
53.9026 -921.991 108.259 0
49.4075 -959.933 87.0447 0
51.5258 -940.064 100.646 0
-16.6338 -597.276 0 0
0 0 0 0
55.9682 -914.659 110.435 0
49.2614 -953.892 86.2756 0
53.359 -933.254 102.678 0
-16.6338 -597.276 0 0
0 0 0 0
57.5606 -907.134 111.006 0
49.7159 -947.961 85.2429 0
55.2691 -926.363 102.338 0
-16.6338 -597.276 0 0
0 0 0 0
58.6855 -899.427 111.555 0
50.4142 -941.861 88.1873 0
56.9705 -919.289 105.348 0
-16.6338 -597.276 0 0
0 0 0 0
59.2341 -891.73 110.182 0
51.7977 -935.926 89.0222 0
58.1794 -912.086 104.392 0
-16.6338 -597.276 0 0
0 0 0 0
59.2275 -884.201 106.831 0
53.6797 -929.937 91.7249 0
58.8436 -904.97 101.678 0
-16.6338 -597.276 0 0
0 0 0 0
58.6918 -876.938 103.129 0
56.0057 -923.888 94.9219 0
59.0917 -897.852 102.008 0
-16.6338 -597.276 0 0
0 0 0 0
57.7275 -869.916 99.9097 0
57.4309 -917.433 95.636 0
58.9032 -890.761 101.953 0
-16.6338 -597.276 0 0
0 0 0 0
56.2475 -863.317 95.5042 0
58.8766 -910.858 97.3718 0
58.1259 -883.726 101.602 0
-16.6338 -597.276 0 0
0 0 0 0
54.3104 -857.105 92.0435 0
59.7212 -904.162 97.4048 0
56.7712 -876.811 101.536 0
-16.6338 -597.276 0 0
0 0 0 0
51.901 -851.321 88.6816 0
60.0251 -897.415 97.3279 0
54.8569 -869.999 101.711 0
-16.6338 -597.276 0 0
0 0 0 0
49.1057 -846.004 84.9902 0
60.2271 -890.586 98.042 0
52.3996 -863.391 101.426 0
-16.6338 -597.276 0 0
0 0 0 0
45.8871 -841.184 81.7383 0
59.6403 -883.823 97.6575 0
49.4575 -857.075 99.4153 0
-16.6338 -597.276 0 0
0 0 0 0
42.214 -836.84 81.8481 0
58.5139 -877.103 98.02 0
46.1174 -851.154 96.5479 0
-16.6338 -597.276 0 0
0 0 0 0
38.1703 -832.803 83.0347 0
56.8342 -870.541 97.2729 0
42.4344 -845.499 96.427 0
-16.6338 -597.276 0 0
0 0 0 0
33.7866 -828.884 86.2317 0
54.6788 -864.081 97.7454 0
38.4123 -840.171 95.4602 0
-16.6338 -597.276 0 0
0 0 0 0
29.4521 -824.727 86.2646 0
52.0073 -857.915 96.9214 0
34.4512 -834.919 93.7354 0
-16.6338 -597.276 0 0
0 0 0 0
25.5346 -820.29 84.7266 0
48.9646 -851.935 96.2952 0
30.8787 -829.594 90.8679 0
-16.6338 -597.276 0 0
0 0 0 0
22.166 -815.586 82.1558 0
45.3896 -846.307 95.9656 0
27.4519 -824.134 90.8569 0
-16.6338 -597.276 0 0
0 0 0 0
19.3792 -810.749 78.9258 0
41.5905 -840.729 97.24 0
24.4698 -818.522 90.6812 0
-16.6338 -597.276 0 0
0 0 0 0
17.2013 -805.77 77.5635 0
37.4752 -835.338 98.2397 0
21.9711 -812.76 89.989 0
-16.6338 -597.276 0 0
0 0 0 0
15.5421 -800.688 76.7285 0
33.3437 -829.783 100.228 0
19.9722 -806.876 89.209 0
-16.6338 -597.276 0 0
0 0 0 0
14.3086 -795.504 76.6736 0
29.586 -823.979 98.9319 0
18.6189 -800.895 88.1323 0
-16.6338 -597.276 0 0
0 0 0 0
13.5702 -790.213 77.3438 0
25.997 -818.184 98.1409 0
17.7738 -794.909 85.0891 0
-16.6338 -597.276 0 0
0 0 0 0
13.5613 -784.872 77.3547 0
23.0567 -812.021 97.9761 0
17.2179 -789.202 80.8154 0
-16.6338 -597.276 0 0
0 0 0 0
14.0812 -779.514 77.8162 0
20.6892 -805.74 95.5042 0
17.1143 -783.641 79.4312 0
-16.6338 -597.276 0 0
0 0 0 0
15.1875 -774.201 78.3765 0
18.8789 -799.443 93.3289 0
17.6667 -778.092 79.9036 0
-16.6338 -597.276 0 0
0 0 0 0
16.8562 -769.031 78.3875 0
17.6208 -793.103 92.384 0
18.7573 -772.669 79.7168 0
-16.6338 -597.276 0 0
0 0 0 0
19.0592 -764.077 77.5854 0
16.9034 -786.769 91.5381 0
20.3321 -767.339 80.1233 0
-16.6338 -597.276 0 0
0 0 0 0
21.6372 -759.273 78.4314 0
16.7612 -780.539 88.4619 0
22.3611 -762.135 80.8704 0
-16.6338 -597.276 0 0
0 0 0 0
24.646 -754.697 78.9807 0
17.195 -774.506 85.9351 0
25.0368 -757.215 80.8923 0
-16.6338 -597.276 0 0
0 0 0 0
28.0269 -750.329 80.1562 0
18.0619 -768.513 86.0669 0
28.1322 -752.468 81.8262 0
-16.6338 -597.276 0 0
0 0 0 0
31.8209 -746.134 82.3206 0
19.4217 -762.66 86.4294 0
31.5969 -747.913 82.9468 0
-16.6338 -597.276 0 0
0 0 0 0
35.846 -741.893 84.6387 0
21.3024 -756.984 86.3855 0
35.3284 -743.44 84.8584 0
-16.6338 -597.276 0 0
0 0 0 0
39.6833 -737.431 85.3857 0
23.7199 -751.473 87.0886 0
38.8673 -738.785 83.3423 0
-16.6338 -597.276 0 0
0 0 0 0
43.1367 -732.586 85.968 0
26.4744 -746.083 88.0334 0
42.1091 -733.893 82.9688 0
-16.6338 -597.276 0 0
0 0 0 0
46.334 -727.435 87.1985 0
29.7086 -740.866 89.22 0
44.9598 -728.846 82.9468 0
-16.6338 -597.276 0 0
0 0 0 0
48.9962 -721.993 87.0996 0
33.4372 -735.816 91.4722 0
47.4955 -723.708 81.6394 0
-16.6338 -597.276 0 0
0 0 0 0
51.1605 -716.366 86.5393 0
37.5399 -730.805 94.9768 0
49.6557 -718.526 80.1013 0
-16.6338 -597.276 0 0
0 0 0 0
52.7794 -710.622 85.6604 0
41.2169 -725.53 91.7249 0
51.4796 -713.197 81.0242 0
-16.6338 -597.276 0 0
0 0 0 0
54.0388 -704.769 85.6824 0
44.5794 -720.444 86.3196 0
52.6953 -707.672 82.0898 0
-16.6338 -597.276 0 0
0 0 0 0
54.7845 -698.869 85.5615 0
47.4477 -715.226 84.9902 0
53.4603 -701.951 83.9685 0
-16.6338 -597.276 0 0
0 0 0 0
55.1342 -692.915 86.1548 0
49.7271 -709.833 84.0125 0
53.7572 -696.046 86.3745 0
-16.6338 -597.276 0 0
0 0 0 0
54.7155 -686.948 86.7151 0
51.6864 -704.236 83.8037 0
53.5093 -690.038 87.8687 0
-16.6338 -597.276 0 0
0 0 0 0
53.7946 -680.959 87.8027 0
53.1507 -698.56 84.3201 0
52.8485 -683.857 90.4614 0
-16.6338 -597.276 0 0
0 0 0 0
52.373 -674.98 89.0332 0
54.0027 -692.836 83.1116 0
51.7838 -677.687 88.418 0
-16.6338 -597.276 0 0
0 0 0 0
50.5275 -669.124 87.583 0
54.3362 -687.086 83.0457 0
50.5113 -671.826 84.2651 0
-16.6338 -597.276 0 0
0 0 0 0
48.8458 -663.981 78.0249 0
54.3728 -681.288 83.3533 0
49.1404 -666.309 79.7717 0
-16.6338 -597.276 0 0
0 0 0 0
47.1358 -659.123 72.8723 0
53.9036 -675.467 83.9355 0
47.6569 -660.981 79.574 0
-16.6338 -597.276 0 0
0 0 0 0
44.9719 -654.494 72.8503 0
52.8238 -669.722 84.4739 0
45.728 -655.852 76.9153 0
-16.6338 -597.276 0 0
0 0 0 0
42.4361 -650.169 72.4548 0
51.1779 -664.09 84.7266 0
43.5682 -651.172 71.6638 0
-16.6338 -597.276 0 0
0 0 0 0
39.584 -646.09 71.532 0
49.0951 -658.865 80.4639 0
41.3029 -647.113 66.4563 0
-16.6338 -597.276 0 0
0 0 0 0
36.4674 -642.21 71.6858 0
46.6568 -653.884 78.7939 0
38.6572 -643.378 65.907 0
-16.6338 -597.276 0 0
0 0 0 0
32.8991 -638.764 71.4111 0
43.7477 -649.28 78.1897 0
35.7175 -639.828 66.709 0
-16.6338 -597.276 0 0
0 0 0 0
29.0773 -635.804 67.8296 0
40.3909 -645.062 77.2888 0
32.3548 -636.587 68.0383 0
-16.6338 -597.276 0 0
0 0 0 0
25.1657 -633.438 63.9734 0
36.7475 -641.2 75.3772 0
28.5649 -633.865 68.0603 0
-16.6338 -597.276 0 0
0 0 0 0
20.9803 -631.603 64.6985 0
32.8457 -637.907 72.2681 0
24.5044 -631.563 66.687 0
-16.6338 -597.276 0 0
0 0 0 0
16.7208 -630.291 64.0063 0
28.8349 -635.08 69.9719 0
20.3167 -629.816 64.7754 0
-16.6338 -597.276 0 0
0 0 0 0
12.3582 -629.516 63.9404 0
24.6539 -632.633 69.8291 0
16.0595 -628.536 63.479 0
-16.6338 -597.276 0 0
0 0 0 0
7.92836 -629.314 64.0942 0
20.3194 -630.89 67.8076 0
11.7341 -627.714 64.1052 0
-16.6338 -597.276 0 0
0 0 0 0
3.57552 -629.604 63.3142 0
15.884 -629.612 65.5225 0
7.26218 -627.472 65.4016 0
-16.6338 -597.276 0 0
0 0 0 0
-0.717636 -630.419 63.2263 0
11.5094 -628.892 62.7539 0
2.71893 -627.733 65.6104 0
-16.6338 -597.276 0 0
0 0 0 0
-4.8931 -631.792 63.6218 0
7.25383 -628.546 60.3259 0
-1.76132 -628.465 65.3906 0
-16.6338 -597.276 0 0
0 0 0 0
-8.84297 -633.699 62.8748 0
3.15276 -629.001 59.3481 0
-6.03264 -629.793 64.1272 0
-16.6338 -597.276 0 0
0 0 0 0
-12.6117 -635.953 63.6877 0
-0.924988 -629.798 59.1614 0
-10.1148 -631.622 64.5557 0
-16.6338 -597.276 0 0
0 0 0 0
-16.1693 -638.641 64.9512 0
-4.81425 -631.134 59.1614 0
-13.9375 -633.948 64.8523 0
-16.6338 -597.276 0 0
0 0 0 0
-19.4372 -641.793 66.1816 0
-8.43719 -632.974 58.3484 0
-17.4843 -636.693 64.5776 0
-16.6338 -597.276 0 0
0 0 0 0
-22.386 -645.365 67.4121 0
-12.0239 -635.16 60.3918 0
-20.9178 -639.798 67.2803 0
-16.6338 -597.276 0 0
0 0 0 0
-24.9315 -649.309 68.1921 0
-15.3947 -637.679 60.9521 0
-23.9754 -643.372 68.7415 0
-16.6338 -597.276 0 0
0 0 0 0
-27.0982 -653.546 68.8843 0
-18.4019 -640.644 61.1279 0
-26.7034 -647.291 69.071 0
-16.6338 -597.276 0 0
0 0 0 0
-28.7557 -657.894 66.698 0
-21.0196 -643.977 61.2598 0
-29.0324 -651.49 69.3787 0
-16.6338 -597.276 0 0
0 0 0 0
-29.897 -662.4 67.3682 0
-23.3213 -647.656 62.8857 0
-30.8832 -655.955 70.2576 0
-16.6338 -597.276 0 0
0 0 0 0
-30.691 -667.062 68.4998 0
-25.1307 -651.548 62.699 0
-32.316 -660.679 71.9714 0
-16.6338 -597.276 0 0
0 0 0 0
-31.0301 -671.823 69.2688 0
-26.6929 -655.626 63.2703 0
-33.229 -665.603 72.8503 0
-16.6338 -597.276 0 0
0 0 0 0
-30.9485 -676.658 70.3235 0
-27.7739 -659.9 63.9514 0
-33.6349 -670.672 73.8501 0
-16.6338 -597.276 0 0
0 0 0 0
-30.4734 -681.573 71.9714 0
-28.2998 -664.183 63.0835 0
-33.6558 -675.858 75.2673 0
-16.6338 -597.276 0 0
0 0 0 0
-29.3704 -686.479 73.4875 0
-28.4914 -668.637 64.5117 0
-33.1727 -681.092 76.3 0
-16.6338 -597.276 0 0
0 0 0 0
-27.9488 -691.471 76.0144 0
-28.1468 -673.125 65.5664 0
-32.3945 -686.378 77.6294 0
-16.6338 -597.276 0 0
0 0 0 0
-26.2 -696.549 78.783 0
-27.3112 -677.637 66.8079 0
-31.4491 -691.779 80.1233 0
-16.6338 -597.276 0 0
0 0 0 0
-24.4572 -701.861 82.1997 0
-26.2262 -682.193 68.6096 0
-29.5778 -697.159 83.584 0
-16.6338 -597.276 0 0
0 0 0 0
-22.8943 -707.462 84.4629 0
-24.684 -686.728 69.939 0
-27.5063 -702.716 87.3743 0
-16.6338 -597.276 0 0
0 0 0 0
-21.7227 -713.24 85.5396 0
-23.1498 -691.473 73.916 0
-25.5187 -708.52 89.198 0
-16.6338 -597.276 0 0
0 0 0 0
-20.9618 -719.143 86.3416 0
-21.7502 -696.456 74.9927 0
-23.9872 -714.51 88.8574 0
-16.6338 -597.276 0 0
0 0 0 0
-20.6898 -725.157 87.2424 0
-20.6472 -701.62 77.7393 0
-22.4506 -720.679 92.8455 0
-16.6338 -597.276 0 0
0 0 0 0
-20.881 -731.216 87.9565 0
-20.0572 -707.049 79.6289 0
-21.5932 -726.973 91.8787 0
-16.6338 -597.276 0 0
0 0 0 0
-21.5828 -737.311 88.9783 0
-19.794 -712.628 81.0352 0
-21.1605 -733.499 94.9329 0
-16.6338 -597.276 0 0
0 0 0 0
-22.8053 -743.396 90.1208 0
-20.1051 -718.264 81.5405 0
-21.2569 -740.153 96.6907 0
-16.6338 -597.276 0 0
0 0 0 0
-24.5015 -749.463 91.4502 0
-20.7003 -723.957 82.738 0
-21.8285 -746.824 95.6909 0
-16.6338 -597.276 0 0
0 0 0 0
-26.2561 -755.65 93.7573 0
-21.7076 -729.631 83.8696 0
-22.8831 -753.28 93.9771 0
-16.6338 -597.276 0 0
0 0 0 0
-28.3207 -761.988 97.5586 0
-23.2685 -735.177 84.2322 0
-24.3292 -759.599 93.1421 0
-16.6338 -597.276 0 0
0 0 0 0
-30.0593 -768.597 99.4263 0
-25.3368 -740.784 87.7368 0
-25.8517 -765.862 92.4719 0
-16.6338 -597.276 0 0
0 0 0 0
-31.3104 -775.399 99.7119 0
-27.172 -746.723 90.5933 0
-26.8364 -772.274 94.5154 0
-16.6338 -597.276 0 0
0 0 0 0
-32.1975 -782.258 99.2395 0
-28.7616 -752.836 92.1094 0
-27.5601 -778.912 97.0093 0
-16.6338 -597.276 0 0
0 0 0 0
-32.5896 -789.154 99.1736 0
-30.1598 -759.118 93.4717 0
-27.7083 -785.576 95.6909 0
-16.6338 -597.276 0 0
0 0 0 0
-32.4581 -795.976 98.031 0
-31.2086 -765.581 95.1746 0
-27.2959 -792.136 93.7244 0
-16.6338 -597.276 0 0
0 0 0 0
-31.819 -802.747 98.064 0
-31.6602 -772.125 95.2954 0
-26.468 -799.003 98.2947 0
-16.6338 -597.276 0 0
0 0 0 0
-30.6051 -809.37 96.7896 0
-31.6924 -778.782 96.416 0
-25.1421 -805.732 99.2615 0
-16.6338 -597.276 0 0
0 0 0 0
-28.8722 -815.795 95.2185 0
-31.2516 -785.469 97.1082 0
-23.4173 -812.278 95.6689 0
-16.6338 -597.276 0 0
0 0 0 0
-26.6245 -821.935 93.4058 0
-30.6355 -792.22 98.1299 0
-21.5443 -818.479 91.1206 0
-16.6338 -597.276 0 0
0 0 0 0
-23.8996 -827.743 91.6699 0
-29.0023 -798.755 97.1301 0
-19.5575 -824.348 87.4731 0
-16.6338 -597.276 0 0
0 0 0 0
-20.7635 -833.202 89.9011 0
-27.1128 -805.247 97.8003 0
-17.0102 -829.909 86.5393 0
-16.6338 -597.276 0 0
0 0 0 0
-17.2254 -838.301 88.7476 0
-24.7365 -811.572 97.5586 0
-14.1739 -835.078 83.8367 0
-16.6338 -597.276 0 0
0 0 0 0
-13.3755 -843.043 87.3743 0
-22.1383 -817.838 97.8333 0
-11.018 -839.882 82.002 0
-16.6338 -597.276 0 0
0 0 0 0
-9.24637 -847.448 86.7151 0
-18.8808 -823.722 96.6357 0
-7.43152 -844.284 81.5405 0
-16.6338 -597.276 0 0
0 0 0 0
-4.82597 -851.558 86.7261 0
-15.2729 -829.359 96.46 0
-3.51695 -848.383 81.7603 0
-16.6338 -597.276 0 0
0 0 0 0
-0.209549 -855.475 87.4951 0
-11.2771 -834.707 95.9216 0
0.696945 -852.232 82.6172 0
-16.6338 -597.276 0 0
0 0 0 0
4.84477 -859.042 89.8242 0
-6.98938 -839.391 90.824 0
5.13899 -855.991 84.6936 0
-16.6338 -597.276 0 0
0 0 0 0
9.88019 -862.749 89.6704 0
-2.44092 -843.803 90.2197 0
9.93835 -859.69 88.2532 0
-16.6338 -597.276 0 0
0 0 0 0
14.6257 -866.74 89.2419 0
2.36336 -847.903 90.4724 0
14.3988 -863.741 87.7588 0
-16.6338 -597.276 0 0
0 0 0 0
18.9742 -871.087 88.1873 0
7.19493 -851.901 89.7144 0
18.5535 -868.212 88.0884 0
-16.6338 -597.276 0 0
0 0 0 0
23.3661 -875.625 90.5054 0
11.6337 -855.943 85.6824 0
22.3174 -872.851 86.6382 0
-16.6338 -597.276 0 0
0 0 0 0
27.1312 -880.597 89.7253 0
16.3723 -860.075 89.5935 0
25.7196 -877.902 87.9346 0
-16.6338 -597.276 0 0
0 0 0 0
30.5002 -885.828 89.6594 0
20.6823 -864.575 89.4836 0
28.7352 -883.237 88.6597 0
-16.6338 -597.276 0 0
0 0 0 0
33.4191 -891.307 89.4836 0
24.4723 -869.435 88.2422 0
31.2951 -888.81 88.363 0
-16.6338 -597.276 0 0
0 0 0 0
35.8999 -896.987 89.2529 0
28.1011 -874.398 87.4402 0
33.4314 -894.576 88.9233 0
-16.6338 -597.276 0 0
0 0 0 0
37.879 -902.801 88.5059 0
31.2476 -879.629 87.8137 0
35.0912 -900.532 89.6924 0
-16.6338 -597.276 0 0
0 0 0 0
39.3275 -908.738 87.6929 0
33.7784 -885.082 86.6711 0
36.2768 -906.665 90.7031 0
-16.6338 -597.276 0 0
0 0 0 0
40.2439 -914.691 86.4294 0
35.9533 -890.689 86.6711 0
36.9631 -912.943 91.582 0
-16.6338 -597.276 0 0
0 0 0 0
40.6141 -920.664 86.2317 0
37.7814 -896.397 86.1768 0
37.1375 -919.328 92.5049 0
-16.6338 -597.276 0 0
0 0 0 0
40.5949 -926.628 86.2976 0
38.9836 -902.205 85.4846 0
37.2397 -925.178 84.0784 0
-16.6338 -597.276 0 0
0 0 0 0
39.9979 -932.606 87.0007 0
39.7557 -908.141 86.5173 0
37.0368 -930.923 82.4414 0
-16.6338 -597.276 0 0
0 0 0 0
38.9168 -938.572 88.0334 0
40.0048 -914.154 86.9348 0
36.4667 -936.66 83.7378 0
-16.6338 -597.276 0 0
0 0 0 0
37.5112 -944.576 89.5605 0
39.7024 -920.117 86.4185 0
35.7128 -942.505 86.1987 0
-16.6338 -597.276 0 0
0 0 0 0
36.0323 -950.613 89.209 0
39.037 -926.138 87.0117 0
35.0529 -948.545 88.5388 0
-16.6338 -597.276 0 0
0 0 0 0
34.6717 -956.579 87.627 0
37.8773 -932.087 87.6599 0
34.7602 -954.594 87.6819 0
-16.6338 -597.276 0 0
0 0 0 0
33.8064 -962.535 86.0889 0
36.6009 -938.073 88.5718 0
34.7988 -960.706 88.5718 0
-16.6338 -597.276 0 0
0 0 0 0
33.4103 -968.411 83.6829 0
35.4698 -944.167 90.5603 0
35.2157 -966.856 88.9014 0
-16.6338 -597.276 0 0
0 0 0 0
33.5727 -974.115 81.0352 0
34.2874 -950.318 88.8904 0
36.1202 -972.797 86.0449 0
-16.6338 -597.276 0 0
0 0 0 0
34.1258 -979.612 78.4094 0
33.6468 -956.35 86.5283 0
37.1707 -978.583 84.0674 0
-16.6338 -597.276 0 0
0 0 0 0
34.9607 -984.934 76.9153 0
33.414 -962.227 83.1226 0
37.9211 -984.365 83.8477 0
-16.6338 -597.276 0 0
0 0 0 0
35.8811 -990.142 74.9707 0
33.5071 -967.92 80.5847 0
38.157 -990.098 81.5076 0
-16.6338 -597.276 0 0
0 0 0 0
37.0475 -995.096 71.2024 0
34.0733 -973.397 79.1016 0
38.4715 -995.528 69.884 0
-16.6338 -597.276 0 0
0 0 0 0
37.8194 -999.751 71.6089 0
35.0637 -978.724 77.124 0
38.5381 -999.932 56.7114 0
-16.6338 -597.276 0 0
0 0 0 0
37.975 -1004.66 70.0269 0
36.0232 -983.902 74.3665 0
38.5897 -1003.73 52.229 0
-16.6338 -597.276 0 0
0 0 0 0
37.6214 -1009.34 65.7751 0
36.8767 -988.943 73.2019 0
38.4594 -1007.23 48.8342 0
-16.6338 -597.276 0 0
0 0 0 0
36.8275 -1013.76 62.699 0
37.2439 -994.092 74.8938 0
37.7382 -1010.56 48.7573 0
-16.6338 -597.276 0 0
0 0 0 0
35.7832 -1017.91 59.9634 0
37.0865 -999.283 73.8281 0
36.5764 -1013.77 49.2737 0
-16.6338 -597.276 0 0
0 0 0 0
34.3323 -1021.64 56.0193 0
36.4164 -1004.22 69.7632 0
34.9548 -1016.76 48.3508 0
-16.6338 -597.276 0 0
0 0 0 0
32.5765 -1024.91 51.416 0
35.381 -1008.74 64.6326 0
33.1721 -1019.45 44.7034 0
-16.6338 -597.276 0 0
0 0 0 0
30.562 -1027.71 48.1201 0
34.1088 -1012.93 60.8643 0
31.6254 -1021.99 41.4844 0
-16.6338 -597.276 0 0
0 0 0 0
28.3308 -1030.01 44.3298 0
32.5035 -1016.72 57.9749 0
29.9348 -1024.44 42.4072 0
-16.6338 -597.276 0 0
0 0 0 0
26.095 -1031.78 38.4851 0
30.6212 -1020.11 54.0527 0
28.3644 -1026.92 42.0007 0
-16.6338 -597.276 0 0
0 0 0 0
23.901 -1033.02 34.5959 0
28.5783 -1023.04 50.647 0
26.6211 -1029.23 41.3416 0
-16.6338 -597.276 0 0
0 0 0 0
21.7634 -1033.72 30.9705 0
26.3468 -1025.51 46.0547 0
24.5535 -1031.13 40.2539 0
-16.6338 -597.276 0 0
0 0 0 0
19.7354 -1033.89 28.5754 0
23.9238 -1027.42 43.6597 0
22.4451 -1032.75 36.0571 0
-16.6338 -597.276 0 0
0 0 0 0
17.8794 -1033.55 26.7407 0
21.2598 -1028.81 43.1323 0
20.3945 -1034 32.3657 0
-16.6338 -597.276 0 0
0 0 0 0
16.3129 -1032.76 24.917 0
19.2263 -1029.74 30.52 0
18.5344 -1034.96 27.9492 0
-16.6338 -597.276 0 0
0 0 0 0
14.6973 -1032.08 25.5542 0
17.9185 -1030.04 14.4141 0
16.6156 -1035.81 28.7073 0
-16.6338 -597.276 0 0
0 0 0 0
13.3612 -1031.32 19.27 0
17.3194 -1029.93 6.1853 0
14.754 -1036.54 28.5425 0
-16.6338 -597.276 0 0
0 0 0 0
12.5168 -1030.71 13.0188 0
17.1375 -1029.9 0.791016 0
12.8902 -1037.18 28.1909 0
-16.6338 -597.276 0 0
0 0 0 0
12.181 -1030.06 9.39331 0
16.7424 -1029.86 3.51562 0
10.98 -1037.76 28.5095 0
-16.6338 -597.276 0 0
0 0 0 0
12.176 -1029.55 5.88867 0
16.4255 -1029.82 4.0979 0
9.03323 -1038.29 28.905 0
-16.6338 -597.276 0 0
0 0 0 0
12.2072 -1029.38 0.944824 0
16.2482 -1029.79 0.274658 0
7.08249 -1038.72 28.6853 0
-16.6338 -597.276 0 0
0 0 0 0
12.1995 -1029.39 0.142822 0
16.2714 -1029.79 0.560303 0
5.12572 -1039.06 28.4875 0
-16.6338 -597.276 0 0
0 0 0 0
0 0 0 0
16.5146 -1029.83 0.373535 0
3.15884 -1039.3 28.4656 0
-16.6338 -597.276 0 0
0 0 0 0
0 0 0 0
16.5141 -1029.83 0.032959 0
1.23575 -1039.43 27.0593 0
-16.6338 -597.276 0 0
0 0 0 0
0 0 0 0
16.5146 -1029.83 0.0439453 0
-0.587753 -1039.46 25.4553 0
-16.6338 -597.276 0 0
0 0 0 0
25.729 -574.381 0 0
16.5152 -1029.83 0.032959 0
-2.1955 -1039.39 22.3352 0
-16.6338 -597.276 0 0
0 0 0 0
25.729 -574.381 0 0
16.5137 -1029.83 0.0219727 0
-3.65131 -1039.2 19.9841 0
-16.6338 -597.276 0 0
0 0 0 0
25.7296 -574.382 3.90015 0
16.7983 -1029.86 5.3833 0
-4.92494 -1038.89 17.7979 0
-16.6338 -597.276 0 0
0 0 0 0
25.7288 -574.381 0.516357 0
17.2867 -1029.93 8.83301 0
-6.01718 -1038.46 15.8972 0
-16.6338 -597.276 0 0
0 0 0 0
25.7302 -574.378 0.0769043 0
17.9985 -1030.03 12.1069 0
-6.92908 -1037.89 14.8975 0
-16.6338 -597.276 0 0
0 0 0 0
25.73 -574.383 0.164795 0
18.9565 -1030.17 15.5457 0
-7.76529 -1037.26 14.8645 0
-16.6338 -597.276 0 0
0 0 0 0
25.7289 -574.384 0.0109863 0
20.0881 -1030.32 16.5125 0
-8.47514 -1036.51 14.7437 0
-16.6338 -597.276 0 0
0 0 0 0
25.7297 -574.383 0.065918 0
21.2105 -1030.48 16.1389 0
0 0 0 0
-16.6338 -597.276 0 0
0 0 0 0
25.7296 -574.382 0.0219727 0
22.3081 -1030.63 15.7764 0
0 0 0 0
-16.6338 -597.276 0 0
0 0 0 0
25.7296 -574.382 0.0109863 0
0 0 0 0
0 0 0 0
-16.6338 -597.276 0 0
0 0 0 0
25.7294 -574.382 0.0109863 0
0 0 0 0
0 0 0 0
-16.6338 -597.276 0 0
0 0 0 0
25.7295 -574.382 0 0
0 0 0 0
31.8273 -574.524 0 0
-16.6338 -597.276 0 0
0 0 0 0
25.7296 -574.382 0.0109863 0
0 0 0 0
31.8273 -574.524 0 0
-16.6338 -597.276 0 0
0 0 0 0
25.7296 -574.382 0 0
22.7771 -574.315 0 0
31.8273 -574.524 0 0
-16.6338 -597.276 0 0
0 0 0 0
25.7296 -574.382 0 0
22.7771 -574.315 0 0
