599 -635
598 -637
618 -695
619 -698
601 -613
603 -610
609 -657
609 -655
624 -717
622 -714
613 -675
611 -677
623 -721
625 -723
611 -675
613 -677
393 -981
396 -982
99 -274
97 -274
29 -216
26 -217
191 13
188 12
305 626
306 629
403 536
405 535
959 -982
962 -985
177 2
177 5
-892 -1083
-889 -1082
-978 -766
-977 -765
-698 -443
-699 -446
304 551
305 552
310 634
309 637
199 13
198 12
150 -29
150 -27
324 650
324 648
974 -1004
977 -1006
-243 -304
-243 -306
-381 -366
-380 -368
314 639
313 640
322 648
324 647
-865 -1064
-864 -1061
656 -1033
658 -1031
-936 -528
-938 -531
320 -156
317 -155
383 633
384 634
