-520 -718
-521 -717
-497 -694
-499 -694
-466 -647
-464 -645
-418 -523
-416 -525
-414 -488
-412 -488
-341 660
-339 662
-376 645
-377 646
-360 184
-362 185
-424 305
-423 307
-370 197
-371 199
-343 -30
-344 -29
-386 351
-385 349
-398 584
-399 586
-404 540
-405 538
-345 -310
-345 -313
-552 207
-553 205
-622 -740
-621 -738
-371 373
-369 375
-556 200
-558 198
-312 631
-313 630
-565 -754
-568 -754
-600 -755
-602 -756
-430 437
-429 440
-556 -748
-554 -747
-614 -775
-612 -775
